%YAML:1.0
calibration_time: "04/08/14 23:59:07"
image_width: 640
image_height: 480
board_width: 6
board_height: 9
square_size: 1.
flags: 0
camera_matrix: !!opencv-matrix
   rows: 3
   cols: 3
   dt: d
   data: [ 1.5108268550175801e+003, 0., 2.4524122536224112e+002, 0.,
       1.4827939702030669e+003, 1.3407056784045477e+002, 0., 0., 1. ]
distortion_coefficients: !!opencv-matrix
   rows: 5
   cols: 1
   dt: d
   data: [ 4.0829610116760828e-001, -9.1735418758228260e+000,
       3.0723585525040162e-002, -3.1351655184586512e-002,
       4.1332452336453393e+001 ]
avg_reprojection_error: 3.2162522635149809e-001
